-4.16399
-3.33108
-10.65943
-2.66471
-13.49068
0.0
-10.65943
2.66471
-4.16399
3.33108
No de iteracoes: 506
historico: [1.71323, 1.34617, 1.23955, 1.36065, 1.67276, 1.59418, 0.97266, 0.61662, 0.43042, 0.32282, 0.25319, 0.20588, 0.17134, 0.14574, 0.12576, 0.11015, 0.09745, 0.08716, 0.07854, 0.07137, 0.06523, 0.06001, 0.05545, 0.05153, 0.04804, 0.04499, 0.04224, 0.03982, 0.03761, 0.03564, 0.03382, 0.03219, 0.03066, 0.02929, 0.02799, 0.02682, 0.02571, 0.0247, 0.02372, 0.02284, 0.02199, 0.02121, 0.02045, 0.01976, 0.01909, 0.01847, 0.01786, 0.01731, 0.01676, 0.01625, 0.01575, 0.0153, 0.01484, 0.01443, 0.01401, 0.01363, 0.01324, 0.01289, 0.01254, 0.01221, 0.01189, 0.01159, 0.01128, 0.01101, 0.01072, 0.01046, 0.0102, 0.00996, 0.00972, 0.00949, 0.00926, 0.00905, 0.00884, 0.00864, 0.00844, 0.00825, 0.00806, 0.00789, 0.00771, 0.00755, 0.00738, 0.00723, 0.00707, 0.00692, 0.00677, 0.00663, 0.00649, 0.00636, 0.00623, 0.0061, 0.00598, 0.00586, 0.00574, 0.00563, 0.00551, 0.00541, 0.0053, 0.0052, 0.00509, 0.005, 0.0049, 0.00481, 0.00471, 0.00463, 0.00454, 0.00445, 0.00437, 0.00429, 0.00421, 0.00413, 0.00405, 0.00398, 0.0039, 0.00384, 0.00376, 0.0037, 0.00363, 0.00357, 0.0035, 0.00344, 0.00338, 0.00332, 0.00326, 0.0032, 0.00315, 0.00309, 0.00304, 0.00299, 0.00293, 0.00288, 0.00283, 0.00279, 0.00274, 0.00269, 0.00264, 0.0026, 0.00255, 0.00251, 0.00247, 0.00243, 0.00239, 0.00235, 0.00231, 0.00227, 0.00223, 0.0022, 0.00216, 0.00212, 0.00209, 0.00205, 0.00202, 0.00199, 0.00195, 0.00192, 0.00189, 0.00186, 0.00183, 0.0018, 0.00177, 0.00174, 0.00171, 0.00169, 0.00166, 0.00163, 0.00161, 0.00158, 0.00156, 0.00153, 0.00151, 0.00148, 0.00146, 0.00144, 0.00141, 0.00139, 0.00137, 0.00135, 0.00133, 0.00131, 0.00129, 0.00127, 0.00125, 0.00123, 0.00121, 0.00119, 0.00117, 0.00115, 0.00113, 0.00112, 0.0011, 0.00108, 0.00106, 0.00105, 0.00103, 0.00102, 0.001, 0.00099, 0.00097, 0.00096, 0.00094, 0.00093, 0.00091, 0.0009, 0.00088, 0.00087, 0.00086, 0.00084, 0.00083, 0.00082, 0.00081, 0.00079, 0.00078, 0.00077, 0.00076, 0.00075, 0.00073, 0.00072, 0.00071, 0.0007, 0.00069, 0.00068, 0.00067, 0.00066, 0.00065, 0.00064, 0.00063, 0.00062, 0.00061, 0.0006, 0.00059, 0.00059, 0.00058, 0.00057, 0.00056, 0.00055, 0.00054, 0.00053, 0.00053, 0.00052, 0.00051, 0.0005, 0.0005, 0.00049, 0.00048, 0.00047, 0.00047, 0.00046, 0.00045, 0.00045, 0.00044, 0.00043, 0.00043, 0.00042, 0.00041, 0.00041, 0.0004, 0.0004, 0.00039, 0.00038, 0.00038, 0.00037, 0.00037, 0.00036, 0.00036, 0.00035, 0.00035, 0.00034, 0.00034, 0.00033, 0.00033, 0.00032, 0.00032, 0.00031, 0.00031, 0.0003, 0.0003, 0.00029, 0.00029, 0.00029, 0.00028, 0.00028, 0.00027, 0.00027, 0.00027, 0.00026, 0.00026, 0.00025, 0.00025, 0.00025, 0.00024, 0.00024, 0.00024, 0.00023, 0.00023, 0.00023, 0.00022, 0.00022, 0.00022, 0.00021, 0.00021, 0.00021, 0.0002, 0.0002, 0.0002, 0.00019, 0.00019, 0.00019, 0.00019, 0.00018, 0.00018, 0.00018, 0.00018, 0.00017, 0.00017, 0.00017, 0.00017, 0.00016, 0.00016, 0.00016, 0.00016, 0.00015, 0.00015, 0.00015, 0.00015, 0.00014, 0.00014, 0.00014, 0.00014, 0.00014, 0.00013, 0.00013, 0.00013, 0.00013, 0.00013, 0.00013, 0.00012, 0.00012, 0.00012, 0.00012, 0.00012, 0.00011, 0.00011, 0.00011, 0.00011, 0.00011, 0.00011, 0.00011, 0.0001, 0.0001, 0.0001, 0.0001, 0.0001, 0.0001, 9e-05, 9e-05, 9e-05, 9e-05, 9e-05, 9e-05, 9e-05, 9e-05, 8e-05, 8e-05, 8e-05, 8e-05, 8e-05, 8e-05, 8e-05, 8e-05, 8e-05, 7e-05, 7e-05, 7e-05, 7e-05, 7e-05, 7e-05, 7e-05, 7e-05, 7e-05, 6e-05, 6e-05, 6e-05, 6e-05, 6e-05, 6e-05, 6e-05, 6e-05, 6e-05, 6e-05, 6e-05, 6e-05, 5e-05, 5e-05, 5e-05, 5e-05, 5e-05, 5e-05, 5e-05, 5e-05, 5e-05, 5e-05, 5e-05, 5e-05, 5e-05, 5e-05, 4e-05, 4e-05, 4e-05, 4e-05, 4e-05, 4e-05, 4e-05, 4e-05, 4e-05, 4e-05, 4e-05, 4e-05, 4e-05, 4e-05, 4e-05, 4e-05, 4e-05, 3e-05, 3e-05, 3e-05, 3e-05, 3e-05, 3e-05, 3e-05, 3e-05, 3e-05, 3e-05, 3e-05, 3e-05, 3e-05, 3e-05, 3e-05, 3e-05, 3e-05, 3e-05, 3e-05, 3e-05, 3e-05, 3e-05, 3e-05, 2e-05, 2e-05, 2e-05, 2e-05, 2e-05, 2e-05, 2e-05, 2e-05, 2e-05, 2e-05, 2e-05, 2e-05, 2e-05, 2e-05, 2e-05, 2e-05, 2e-05, 2e-05, 2e-05, 2e-05, 2e-05, 2e-05, 2e-05, 2e-05, 2e-05, 2e-05, 2e-05, 2e-05, 2e-05, 2e-05, 2e-05, 2e-05, 2e-05, 2e-05, 2e-05, 1e-05, 1e-05, 1e-05, 1e-05, 1e-05, 1e-05, 1e-05, 1e-05, 1e-05, 1e-05, 1e-05, 1e-05, 1e-05, 1e-05, 1e-05, 1e-05, 1e-05, 1e-05, 1e-05, 1e-05, 1e-05, 1e-05, 1e-05, 1e-05, 1e-05, 1e-05, 1e-05]