-4.16537
-3.33224
-10.66321
-2.66573
-13.49561
-0.0
-10.66331
2.66576
-4.16544
3.3323
No de iteracoes: 276
historico: [6.57627, 0.6796, 0.35566, 0.25476, 0.19816, 0.1614, 0.13558, 0.11643, 0.10166, 0.08992, 0.08036, 0.07244, 0.06576, 0.06006, 0.05514, 0.05085, 0.04708, 0.04374, 0.04076, 0.03809, 0.03569, 0.03351, 0.03152, 0.02971, 0.02805, 0.02653, 0.02512, 0.02382, 0.02262, 0.0215, 0.02046, 0.01948, 0.01857, 0.01772, 0.01692, 0.01617, 0.01547, 0.0148, 0.01417, 0.01358, 0.01302, 0.01249, 0.01199, 0.01151, 0.01105, 0.01062, 0.01021, 0.00982, 0.00945, 0.0091, 0.00876, 0.00844, 0.00813, 0.00783, 0.00755, 0.00728, 0.00702, 0.00678, 0.00654, 0.00631, 0.00609, 0.00588, 0.00568, 0.00549, 0.0053, 0.00513, 0.00495, 0.00479, 0.00463, 0.00448, 0.00433, 0.00419, 0.00405, 0.00392, 0.00379, 0.00367, 0.00355, 0.00344, 0.00333, 0.00322, 0.00312, 0.00302, 0.00293, 0.00284, 0.00275, 0.00266, 0.00258, 0.0025, 0.00242, 0.00235, 0.00227, 0.0022, 0.00214, 0.00207, 0.00201, 0.00195, 0.00189, 0.00183, 0.00177, 0.00172, 0.00167, 0.00162, 0.00157, 0.00152, 0.00147, 0.00143, 0.00139, 0.00135, 0.00131, 0.00127, 0.00123, 0.00119, 0.00116, 0.00112, 0.00109, 0.00106, 0.00103, 0.001, 0.00097, 0.00094, 0.00091, 0.00088, 0.00086, 0.00083, 0.00081, 0.00078, 0.00076, 0.00074, 0.00072, 0.00069, 0.00067, 0.00065, 0.00064, 0.00062, 0.0006, 0.00058, 0.00056, 0.00055, 0.00053, 0.00052, 0.0005, 0.00049, 0.00047, 0.00046, 0.00045, 0.00043, 0.00042, 0.00041, 0.0004, 0.00038, 0.00037, 0.00036, 0.00035, 0.00034, 0.00033, 0.00032, 0.00031, 0.0003, 0.00029, 0.00029, 0.00028, 0.00027, 0.00026, 0.00026, 0.00025, 0.00024, 0.00023, 0.00023, 0.00022, 0.00021, 0.00021, 0.0002, 0.0002, 0.00019, 0.00018, 0.00018, 0.00017, 0.00017, 0.00016, 0.00016, 0.00016, 0.00015, 0.00015, 0.00014, 0.00014, 0.00013, 0.00013, 0.00013, 0.00012, 0.00012, 0.00012, 0.00011, 0.00011, 0.00011, 0.0001, 0.0001, 0.0001, 9e-05, 9e-05, 9e-05, 9e-05, 8e-05, 8e-05, 8e-05, 8e-05, 7e-05, 7e-05, 7e-05, 7e-05, 7e-05, 6e-05, 6e-05, 6e-05, 6e-05, 6e-05, 6e-05, 5e-05, 5e-05, 5e-05, 5e-05, 5e-05, 5e-05, 5e-05, 4e-05, 4e-05, 4e-05, 4e-05, 4e-05, 4e-05, 4e-05, 4e-05, 3e-05, 3e-05, 3e-05, 3e-05, 3e-05, 3e-05, 3e-05, 3e-05, 3e-05, 3e-05, 3e-05, 3e-05, 2e-05, 2e-05, 2e-05, 2e-05, 2e-05, 2e-05, 2e-05, 2e-05, 2e-05, 2e-05, 2e-05, 2e-05, 2e-05, 2e-05, 2e-05, 2e-05, 2e-05, 2e-05, 1e-05, 1e-05, 1e-05, 1e-05, 1e-05, 1e-05, 1e-05, 1e-05, 1e-05, 1e-05, 1e-05, 1e-05, 1e-05, 1e-05, 1e-05]
