Determinante: 3.14928e+15



MATRIZ DOS AUTOVALORES: 



0.889110891301 1.16148207046e-15 -3.01012619207e-10 -1.13206704104e-06 -1.03165032496e-07 2.53043477315e-14 1.89714048942e-09 -5.01138438845e-06 -3.31328870951e-12 4.83025544491e-06 
-3.97046694025e-22 71.5863111853 4.35655557807e-16 -2.24692210671e-07 5.33901334311e-12 1.51407247198e-07 -1.1149024234e-07 4.02109927462e-09 -3.30052359432e-12 -1.08199545628e-09 
-3.01014472148e-10 5.04490008443e-17 123.357326221 -7.68559116623e-09 -1.43358862593e-15 4.30397302149e-15 8.57735801253e-11 8.09971325878e-06 -8.1440265111e-06 4.35799965874e-16 
-1.13206704847e-06 -2.24692209828e-07 -7.6855864e-09 128.054517253 1.13162959848e-11 -3.62085390276e-13 1.19490627701e-09 7.37835706219e-10 -1.85567339774e-08 4.34331986474e-07 
-1.0316503083e-07 5.34050014429e-12 -2.15733422142e-18 1.13215926178e-11 16.1127344495 7.15618442377e-08 4.31740125936e-15 -3.09225222111e-10 -4.26952684837e-11 -1.20155517372e-11 
2.53736386237e-14 1.51407251604e-07 -8.42085751068e-16 -3.5850149468e-13 7.1561847086e-08 128.655985868 9.72750285162e-06 -7.0519828686e-07 -4.64836378442e-10 9.09037827864e-08 
1.89713582894e-09 -1.11490246419e-07 8.57680906721e-11 1.19490470199e-09 -1.69194592387e-17 9.72750285283e-06 5.5184318743 9.35569543648e-06 -6.88663968546e-14 3.87860818767e-10 
-5.01138439879e-06 4.02110425718e-09 8.09971326589e-06 7.37838946785e-10 -3.09224925785e-10 -7.05198290157e-07 9.35569542885e-06 122.568554115 -1.18848144559e-06 -4.60036109898e-12 
-3.31671324766e-12 -3.3002384566e-12 -8.14402650313e-06 -1.85567326274e-08 -4.26947042653e-11 -4.64840174893e-10 -6.64475945992e-14 -1.18848144866e-06 30.8544097387 -2.25509765077e-08 
4.83025544336e-06 -1.08198798114e-09 -5.01461986114e-15 4.34331981463e-07 -1.20127543314e-11 9.09037842494e-08 3.8786290913e-10 -4.59928205026e-12 -2.25509784479e-08 72.4026184034 
